437
932
516
494
966
12
37
289
699
321
64
783
371
101
143
545
10
582
260
336
81
185
676
827
359
244
702
946
181
962
651
553
239
317
801
712
259
112
370
593
826
507
828
796
135
793
645
341
551
394
591
368
825
89
331
573
841
481
110
711
688
695
326
719
217
886
945
312
726
206
850
301
992
449
490
144
382
639
924
704
829
628
277
318
163
749
988
138
54
964
123
816
730
420
399
9
258
561
950
568
537
435
234
264
844
116
619
366
13
623
307
351
607
169
142
547
98
297
647
47
947
156
200
938
172
677
74
313
803
936
720
741
424
797
460
913
235
914
500
299
648
342
860
728
63
952
69
911
890
583
963
68
412
609
536
393
908
674
352
198
295
354
734
365
228
613
716
257
891
99
59
362
265
191
230
916
885
468
256
715
327
967
29
542
501
237
929
5
373
616
948
762
329
812
232
495
421
310
430
324
814
977
978
756
585
316
306
618
19
300
31
42
586
193
524
939
53
560
263
668
250
823
106
214
854
269
443
784
957
808
973
624
213
43
510
534
320
798
21
970
470
377
404
303
654
779
408
11
487
570
529
26
350
980
358
572
448
122
444
559
343
35
32
904
848
253
380
413
858
201
188
958
820
66
807
447
338
806
508
86
131
861
389
212
147
18
895
752
603
216
928
418
136
873
76
104
7
581
679
46
595
678
898
291
409
290
984
631
0
918
440
856
880
150
134
819
905
87
469
209
6
41
857
55
268
71
532
411
743
266
669
776
88
466
346
751
566
615
941
85
650
531
461
927
219
960
974
541
278
311
717
273
240
766
617
718
385
985
943
518
517
416
457
67
60
220
863
52
482
530
587
653
190
590
103
231
279
813
577
598
271
1
907
721
476
606
401
544
109
853
226
662
455
4
638
512
309
611
837
288
999
195
355
478
665
120
742
680
322
805
834
888
520
477
189
923
671
694
44
158
140
765
121
522
758
792
285
480
126
594
8
906
441
344
165
173
707
641
199
454
50
759
458
701
249
488
781
799
155
976
794
463
915
34
293
747
584
810
49
722
391
815
504
196
580
919
124
58
851
302
223
738
205
644
592
862
379
917
245
348
569
521
388
378
139
414
347
709
869
162
867
876
900
800
374
983
108
868
247
703
419
323
194
14
319
909
949
151
981
656
708
130
221
39
845
533
785
953
535
998
484
698
871
179
673
80
921
578
369
77
442
429
649
296
612
246
282
667
330
527
28
773
210
515
920
17
996
579
261
787
660
843
467
739
2
363
982
513
337
811
725
870
473
576
872
486
376
786
937
