59
1170
955
635
1845
427
575
599
1908
2351
1448
866
2683
2776
1666
2689
2943
805
1438
894
731
2529
1107
1579
298
1586
2662
529
2667
168
2904
281
90
32
647
212
1946
14
2786
1541
137
1183
2830
2023
1278
1403
2420
371
405
1222
2382
663
2780
2125
2853
1227
2214
1534
1549
2527
97
1443
1503
1895
850
1323
1076
1364
1109
2416
806
1919
664
2753
109
1506
2362
945
1676
1097
1792
2781
497
871
2316
2978
1870
1810
2360
2380
1338
1050
512
1298
603
1959
1562
972
93
1123
2686
2070
2822
1304
2821
2580
2990
2785
2238
963
347
2080
330
1030
1517
2634
869
120
2245
870
1481
2605
2202
72
2465
22
1832
1736
884
356
438
1167
1799
833
1556
1868
2809
1856
385
1892
737
1402
2819
1658
2401
519
2856
2980
222
1687
738
447
1902
430
1616
1673
449
428
1195
34
2476
530
2232
1974
2167
905
253
2161
1508
485
316
2525
2923
473
260
1979
2508
2708
2413
2888
2967
2731
1761
167
357
969
2787
123
2798
2039
1337
1258
2294
1994
85
2407
1716
2813
1007
625
251
2429
548
2805
491
743
1297
1524
2842
1982
1059
2189
2369
2397
306
2860
441
2342
2868
2381
2374
819
1092
108
1293
2887
238
1280
1468
2444
655
2681
2179
732
910
1023
2615
846
2485
541
2598
607
1279
2833
1976
1572
232
1527
1096
584
581
1924
2917
1013
895
482
1161
1259
493
2523
391
252
2518
864
2055
796
342
2000
2014
1665
149
1335
1355
1061
4
2906
2851
2950
1935
800
2532
436
1344
1087
329
80
1294
812
2664
1028
2845
917
250
638
888
1497
2450
2685
2243
1370
2071
294
2357
1042
573
801
2387
1881
1308
2103
1960
983
2953
669
2571
1889
1531
662
995
1837
898
2127
1874
2530
1094
1840
2705
2894
148
1915
2840
1876
2764
225
960
89
2684
2231
1442
2981
2288
873
2643
1045
1016
726
511
1492
363
1479
1360
218
2049
1991
538
652
2824
1778
2405
2528
1787
1133
506
516
420
2366
1244
1714
2663
2962
2951
369
836
992
859
1984
2467
1441
2536
702
1154
569
568
1760
2603
2986
1082
550
2623
1166
196
345
582
1425
479
741
563
1733
1987
75
496
1550
183
2810
1695
1211
1717
1064
268
2494
1363
891
692
1936
1855
2317
1331
417
1639
861
598
2392
2513
346
534
344
1875
2222
766
687
570
867
1383
950
2715
2745
1866
1408
442
924
744
2486
1350
1066
1811
1494
1614
2965
810
1234
1530
2611
1844
2328
27
2758
256
469
2422
1476
2111
1058
2169
174
2926
2020
2561
105
425
2121
426
609
1545
147
2919
323
0
1500
531
782
1156
1090
2479
2949
2281
2065
2726
266
1654
2054
1804
799
2992
2313
1520
429
2102
2447
1416
1818
1461
360
2464
2859
2223
2549
2021
970
1176
973
1863
2907
63
136
445
639
2323
263
1372
671
640
2639
1400
630
2354
561
998
2051
1918
2727
2255
101
2690
459
337
2669
1062
2846
276
2358
1316
521
10
717
2216
2873
1850
2614
58
390
2038
1730
2592
1229
2327
2697
2012
384
1703
2541
2437
2489
165
2898
1381
2246
375
2531
829
1056
2581
2534
700
162
2710
1128
307
560
240
1535
789
2763
2945
2183
1699
837
2284
2259
2113
788
1180
99
1853
2235
350
1105
455
1667
1399
539
2440
1896
1571
2033
2496
1763
1342
2724
487
1027
1776
1025
128
392
480
1074
2870
1193
2391
64
2487
783
1268
1911
1753
454
2291
214
398
1619
113
2379
2182
578
349
1660
1812
2517
2229
1091
976
331
1731
785
1600
2671
41
2854
1423
2974
1675
2002
956
808
1490
36
762
1560
2991
1839
2409
495
1672
2404
600
554
2515
2512
269
414
1684
2645
1139
2363
2506
2618
1368
900
1168
1001
2863
622
50
1487
1993
221
1136
106
2166
282
1893
2604
1728
2610
686
203
150
1598
2184
1340
112
191
324
248
1048
1596
1011
380
1912
2609
188
1605
765
865
1471
2236
695
2265
1794
2699
2768
193
1395
1528
2876
2341
666
274
1164
1903
1077
1067
244
2424
562
488
1493
336
2136
1242
292
1320
1836
1003
646
62
527
2638
2861
2035
1577
1879
2938
2297
2841
2279
2759
1557
1679
501
1230
1445
2524
1937
1622
241
1228
1858
2466
1920
2743
807
2661
1254
1948
290
1955
2
2909
2372
2293
494
227
966
209
2163
326
1977
1567
2209
2546
1071
2456
2034
990
1299
264
175
389
999
2295
2152
2911
1194
2875
2600
156
1580
2226
1801
2896
2777
2659
471
1404
2920
1715
2804
2510
2948
2308
967
1199
911
683
1871
1927
2104
1615
408
1659
1636
751
2658
749
2414
47
1978
1957
1607
1746
1965
1068
2577
2772
2101
1482
2403
476
1277
393
616
2910
2031
2093
1970
903
2554
1043
2612
2516
2568
280
2587
1748
283
1052
659
2815
2143
2811
1966
2063
715
1631
2982
1932
20
2015
1522
1759
1054
1847
1311
2770
653
604
216
1883
759
1033
2913
1501
415
2140
1808
2225
422
2595
2756
2331
2509
2891
474
1642
309
1734
340
2555
2075
813
2901
1386
1563
2985
1098
1781
610
959
1160
2973
879
1820
404
615
1405
395
2298
1682
12
2427
957
1169
931
619
2181
2806
1046
502
1291
242
1072
2757
624
26
1080
1260
364
1083
1582
2435
2882
2968
809
1406
1862
1928
523
2393
1407
159
1704
2707
45
1510
634
198
1755
555
79
742
876
2548
2795
1542
2458
1026
1484
2110
1440
679
333
2146
571
981
2128
57
1813
1929
2997
2542
1750
514
1537
1824
2832
2535
2441
2192
37
2377
351
1301
843
299
1310
1806
2287
1104
132
926
1768
2262
1916
1558
507
1584
2048
1359
2302
1779
2774
2011
2139
1546
1118
922
1775
925
1159
2173
1713
1202
2478
434
2878
1624
1446
779
2368
2100
52
1729
735
592
880
1738
374
2925
912
2205
2168
226
2408
1196
1587
352
1650
1996
1726
1288
138
2970
2460
2289
551
1343
2728
1795
1796
781
2220
1762
2740
490
2637
125
1505
154
1533
1212
621
2228
83
913
185
24
641
848
1907
92
91
2389
1285
195
1867
832
23
2208
1099
1357
1114
102
2722
2847
863
1356
1690
1108
190
2977
1561
2871
2717
1555
1526
15
1981
1926
1900
2475
2903
1789
1828
1352
236
1084
2721
119
750
1336
904
1240
1601
2682
2477
1983
2123
828
433
2788
1111
2090
728
1718
713
1961
373
39
681
1852
1415
1361
1015
68
407
1466
1514
2061
1131
1576
2492
932
1833
1854
2879
60
1134
2348
2386
1346
1942
1485
300
1645
2716
2188
176
2043
314
1126
1749
546
549
948
947
304
2237
710
1634
2452
2473
1767
2431
723
897
44
693
2862
1511
1940
2273
868
2599
1708
1208
2621
2493
2889
341
319
1205
383
2560
1877
1865
437
2164
2044
1973
2646
1078
994
1798
2013
204
48
2335
629
1745
2624
722
593
2025
1401
1190
1396
2268
2375
2709
577
2559
18
499
605
2881
1412
997
259
1389
1177
2217
2511
2390
1037
1559
1638
2622
882
228
1602
2932
1051
2378
1807
1972
1843
1635
2352
1263
617
803
1785
2117
886
2133
1119
2808
1146
2688
544
70
2762
2468
933
2852
211
2257
376
2264
2244
1917
2196
2270
2050
2775
1612
1611
2952
291
1696
2837
1281
2449
557
2533
1739
2455
2829
2503
2191
2463
2858
2175
508
1599
2583
1898
184
2668
613
1604
155
178
1044
1206
2712
1962
875
2520
1414
2411
207
2016
2736
328
