90743
32341
19303
16625
2663
78618
60941
88090
80881
16064
11230
69941
4964
23668
14881
71747
57547
96971
67815
169
51720
93430
2378
63222
48809
76354
75845
96396
13473
2089
59861
66529
15811
78293
3965
70578
18198
20788
13108
77453
62329
76839
10635
111
20903
60268
91801
85881
6183
23171
75715
18020
43147
13983
63778
5595
34658
31433
63176
84690
13385
30489
43993
75186
21749
22407
61227
63490
87986
59032
22818
26778
66333
32478
77603
4378
9726
42005
56043
8339
94358
23663
8393
29393
70919
62665
22301
47927
17150
24595
57074
28360
18961
2987
16800
1433
20137
82251
20754
24378
74804
23151
33080
60752
68297
39752
19448
43256
13117
87290
49546
62484
99386
51607
51617
39551
24165
66575
85242
6788
74902
53656
89467
78124
50
3540
12603
88134
9746
31438
74683
2300
43473
99590
36036
1901
29003
64463
3664
45165
68168
22292
63731
67128
67089
70321
95237
5203
76940
78798
26319
58097
71199
36735
3386
4028
31128
38350
31748
35566
39503
48591
82735
70334
78928
72685
57524
53696
33959
28930
82133
68554
98852
82784
17884
2773
57457
94558
10011
37792
66082
48532
49242
30760
9972
63483
47968
78516
84271
31833
62175
39644
92726
34759
81924
40382
24917
66531
68065
63601
53820
15543
33538
82333
67968
87314
3274
89419
4156
3409
19300
84187
1594
87495
23413
22219
95629
15173
58057
32777
89818
97391
23268
6736
56151
90391
49988
5010
3843
46832
33687
77261
75044
54967
64612
18726
81778
58907
96758
24990
41219
31860
3471
87440
16382
1572
56044
10766
64722
18067
3171
49305
8967
90842
19845
95986
50325
81545
57970
14718
19990
58630
86943
72400
77067
63916
7049
1690
76632
40815
44
75887
59749
10667
72396
28985
20998
37706
24465
58934
16760
64619
2933
13803
46207
65354
45263
86790
87590
94449
59819
56171
64546
16479
87967
25809
38311
68642
30929
32555
66354
35385
43286
6098
66696
54324
79991
99786
32612
2217
91267
95223
12721
74493
75806
3306
17062
69058
75875
17190
10850
47153
79845
65760
47664
6096
8454
49253
23274
81384
79684
88146
28893
8215
1201
97814
94507
33828
71228
9104
71348
36428
47013
74290
71408
96431
391
1494
80826
78534
83396
73199
29694
48077
65665
64096
97322
99930
80701
47644
92804
21719
59256
8494
20300
34952
72006
92712
49261
22898
85012
37633
17604
61576
52458
27588
29913
99442
95808
76203
46918
57028
71709
59701
72500
35963
58995
4158
67450
90967
37648
60251
11270
55635
85571
35806
62244
65002
86896
48980
89391
19285
37936
52550
92176
12959
88597
13041
99079
67948
49763
49118
37231
61610
98612
85548
9391
18800
61134
66931
72968
96110
98813
15372
84888
80355
30318
52932
45090
1408
91560
33589
99157
3235
12612
14391
12387
94690
74231
3467
63800
85262
63692
1134
50907
21609
72707
33040
98695
83949
40786
67181
20586
68243
41958
2310
70183
32026
11522
87408
14253
13881
24902
72032
25675
77330
71968
39753
63785
11519
52469
37125
27872
20748
25055
50814
87720
13124
83742
71124
72335
7303
17935
1897
67835
27198
2627
97703
91257
75008
18926
59949
13848
96146
29157
51375
94827
85597
45080
85852
14015
80528
93288
50572
61541
97337
55105
33676
51951
48565
42129
50491
87282
99038
78859
65449
14057
58685
52584
45411
50509
27304
80576
84439
37448
45356
38495
33691
54984
18486
31642
81465
79791
16268
27939
69313
48840
81387
79374
75341
71040
46208
81716
69389
40610
89036
76844
20493
5262
86521
37464
83268
42122
21422
73218
44796
65972
76255
6203
18892
13093
2199
34219
45366
80717
13829
46138
1137
83037
43330
52702
23023
39870
97904
22363
76803
97588
98975
75633
72579
1311
10900
50150
60831
92320
49680
58732
39468
88910
54868
57938
3257
81421
52843
84005
16065
62846
98710
87076
13579
24338
96631
63492
4373
6160
81512
74089
15317
47947
57245
32706
13406
60379
94067
26579
96894
45610
21459
35049
93661
89081
41843
72947
33564
58702
38313
22364
73543
18943
41058
83092
9126
86076
80545
15460
21149
53313
98373
11913
34165
49073
15188
47612
41274
21662
18517
22256
34089
16581
87625
544
39776
37897
99112
88844
38971
32167
20385
33540
74333
97343
12297
17737
73918
14455
7205
3248
61457
49685
34003
56581
86234
81775
27076
58548
91111
3300
54912
30813
54007
15709
83122
47026
25112
10870
99812
28821
14947
16295
83906
54741
63659
28091
88735
22413
84170
34959
12714
85107
45550
50898
41016
22571
67457
60524
93668
54567
16197
1161
65130
70396
18766
55085
90966
53343
61034
34739
20400
1489
85886
21104
88951
95144
38093
88846
37503
12980
16446
42013
45923
66703
13809
83454
16385
28120
53431
96066
92977
78165
25883
96628
9835
72368
76802
91211
96706
46653
78598
30869
4457
69519
18502
88167
5749
67437
72644
77073
96598
84395
30544
81428
9927
25755
2130
93982
48692
98334
65372
12622
88142
26262
37856
22573
73528
58048
83698
2081
72346
98562
96183
99666
95437
3100
98212
42037
22383
80425
33903
56872
52536
45033
69882
55402
50906
9468
12605
27660
39532
35960
829
10356
23207
65977
65436
39428
40687
86845
17913
53437
52919
9811
36809
19844
42373
51686
83876
5150
30614
11576
47692
92752
73831
41416
65249
65013
2518
60915
74588
21396
60717
32943
57471
53920
79575
44208
28641
1464
13356
43671
91367
3969
93909
25946
30109
85698
86701
87959
86212
94299
56423
89042
38888
19578
75562
61879
57254
10496
50439
43888
99199
38481
4601
75417
48390
21530
97993
80233
21290
95222
17425
66720
60051
22516
70772
70683
32854
13217
68721
14843
52232
4822
53081
37320
35459
97629
72060
48610
84179
42997
81953
77050
28707
37805
98497
33907
90661
92450
84867
8870
89120
71246
42468
59411
71084
83598
35474
35692
66392
92339
81871
52347
62951
69414
98290
28545
93038
89195
98863
24013
58257
76758
85004
34273
38004
17476
43255
66191
32221
48970
99257
50972
99696
2792
15166
97452
2763
82655
75886
13185
57654
97075
37447
70393
32328
15286
99343
7453
92205
79968
11334
45499
9734
84438
63835
30748
3108
59715
37682
17869
51920
25923
61618
70439
35129
99401
30043
53749
35380
54782
45270
49587
52681
95219
5610
36858
82666
18623
14546
27273
29081
68075
3308
54417
67020
56957
62769
3942
94112
30474
75666
14684
55485
18203
19489
29099
94802
46091
47943
57543
2160
18928
4355
50982
341
27483
1874
84701
53497
91742
91065
25803
57748
67365
35514
8299
37274
59113
7403
89206
98424
66121
69560
57150
7659
77566
81698
44411
70831
63217
97871
33391
34379
14392
84995
62019
94706
78757
52971
77296
68517
28397
17326
55700
12643
92310
62308
81881
17064
92630
797
21481
157
52169
3254
88264
95462
86305
32953
66075
95619
77177
30758
63191
62757
70001
99074
9988
82991
70640
13694
78243
76938
53983
85846
68314
68473
74321
82590
47306
72254
42876
88026
26385
60735
48758
3696
52180
39812
80453
67654
36306
21908
79976
51945
1954
77149
81071
36
64304
87033
99306
23690
16728
38589
5678
74215
35235
36815
92032
27886
3636
36209
45886
56802
26836
77713
27077
96240
33773
88159
93686
3155
5201
64465
98374
96385
22443
61853
50330
57653
66555
53478
85835
32530
32435
19661
23727
25960
46434
89653
15394
64953
20843
8545
91369
79720
97432
67290
57516
81364
61314
33633
20000
98109
67789
75855
71886
73480
66206
18958
74136
34300
93358
53193
47711
10599
25902
16335
61640
36125
96556
64475
92173
28364
62119
6397
66434
10204
98363
95028
90023
43919
73356
22478
11881
32750
50704
8552
88176
77907
66820
56595
3725
7802
25167
4893
61527
36076
4033
96209
60876
15767
3906
1879
70441
40485
60443
79090
89253
56523
18720
72583
50623
79228
703
1405
36522
18680
18513
13303
36816
25411
88941
53940
39405
62761
11224
34387
54076
35313
32093
43434
9335
68012
54089
19938
8753
47351
46128
77674
57933
25894
12573
96525
45254
89603
48627
43545
57292
26782
29730
95453
78682
6317
87895
85815
56772
33050
88900
19001
27759
4660
66508
55548
7301
76001
25912
28052
68722
32864
26160
78267
34320
36993
10304
16672
17982
56756
55018
66018
57532
68140
50839
8194
17328
44027
12896
75252
14912
26706
22315
45393
2887
37208
27806
46007
7053
14566
63903
24092
61615
70180
23390
12127
67877
69786
15083
65035
41803
88357
90001
85649
73674
44759
21740
89753
45842
60893
73078
28917
89791
20795
4080
56796
17079
83318
8866
7035
25640
92612
88418
45439
61388
20344
48321
83348
22939
58324
14441
11868
586
41662
48367
67909
3253
16399
75708
68796
24231
81572
96842
57090
42499
91009
76637
24238
20122
85627
17950
73292
21401
58015
93532
64691
57404
32737
13272
63904
88564
22997
41587
11
8328
57900
51419
31555
74483
76727
45030
57085
86505
60186
83524
16319
54950
10189
81251
31497
33693
14854
39374
72945
24519
1158
5465
68277
97134
82646
91155
93307
70372
51630
74049
54233
71973
41942
57533
52328
48028
88887
26086
54285
14189
42572
5066
51621
29093
23917
58099
28566
8683
68847
60544
72146
12710
87038
43897
51714
73646
22055
53201
60493
67539
82394
82275
1205
7485
95176
45429
23279
38919
36672
45990
98199
88779
7011
32734
4030
59181
95590
96977
64597
64625
33309
38456
1546
98062
92177
35876
26159
68187
31140
7970
5712
41448
30964
28877
3534
51701
98306
74453
89892
48349
56740
87198
6376
22125
77936
62992
53558
21823
42156
97197
93895
94818
87171
48240
40020
39824
31430
38286
86362
91662
39630
32796
27069
9429
44830
70084
44534
28051
87788
87950
73172
75919
10600
4041
57612
91275
62494
94798
22337
54879
5854
26132
52307
63360
39794
53323
53683
94352
99191
9400
46807
78435
20198
22069
43828
67410
7508
81552
3479
25779
89134
57165
69266
78861
43613
31460
87740
90024
24611
43050
56244
12170
4003
95593
948
36111
22630
74848
4304
49768
91355
7143
89299
59270
10711
74946
54427
3870
14265
65187
90291
4415
10088
70566
97454
79747
45264
13796
72495
41440
42776
71182
12659
84713
7345
46179
86199
24324
66945
47084
85928
92891
3335
48559
35542
99137
22680
37182
64817
16256
99180
31881
45965
3223
25684
22009
78090
42849
30821
73347
61680
91784
10885
9720
37944
62970
94616
9826
99129
29513
54936
36922
99990
26573
94574
17033
62947
24327
13597
17297
76230
59039
16327
50319
73689
81179
20783
84576
84124
49716
17875
46519
63471
28677
38298
88012
11830
81464
46183
58611
97048
13662
22368
89063
97582
61465
60516
774
82640
88835
42081
66665
14874
31994
38580
80666
37664
62179
65106
20242
84478
70695
51479
46716
89099
18412
47768
43713
68005
45566
89803
51062
70114
20933
32913
98360
18230
49855
82391
2969
57538
88530
21141
92370
50593
49182
62744
55849
68664
63841
87925
17538
98407
80740
3596
82842
73742
78883
49842
41531
29374
74844
2356
26692
57055
95538
91477
19629
2781
13968
42804
86379
81761
55765
86866
85494
5972
37958
37052
54864
56022
13301
71496
7117
8166
39225
33874
93422
66809
56912
50747
78699
12224
38229
36263
83143
34646
70175
78992
40272
14304
88817
30904
11358
30644
8231
21697
48393
26437
66803
78325
95191
25137
51962
98962
92825
38994
68054
15814
12344
61193
59305
63930
33023
18530
43592
86840
51710
11847
46680
4610
92599
92583
42136
71729
63075
47305
71131
53052
80677
14544
8587
61405
6419
26030
76589
37406
53298
86352
8289
89353
74186
39021
99938
79383
77011
21435
33075
43553
48262
81866
82710
27004
86498
93964
56993
49035
50235
38830
46040
5019
56206
17840
90539
56474
86815
99101
15512
15077
78513
91011
63431
2496
51989
95694
44251
43484
40612
92671
92371
4841
60616
91862
66321
67237
98660
50693
74579
10254
78997
34575
38955
30315
92282
43769
46645
30326
17023
45735
69123
56002
49788
56506
10577
89261
87834
5362
92249
41070
37872
24079
49593
35620
78698
9681
59652
5486
38065
93900
2039
96349
5788
22624
74578
471
80583
54896
5764
64145
50583
91102
49077
74408
19577
54771
40991
95764
74276
85919
41299
40990
29964
36558
33372
12589
76858
2007
59347
86172
66954
79101
7060
39524
82545
70099
11019
56674
40783
45067
70381
85480
89697
43882
82266
24779
29498
89506
51811
52060
29828
8752
37729
93931
24160
4247
75307
91876
50867
18858
60392
9061
34432
59666
10268
83880
86105
82487
34864
69131
1604
44958
70212
10512
81983
54706
43786
14234
94539
64831
87096
72828
34948
83187
10778
75597
40146
7793
78132
62354
29733
90312
66027
14052
41410
60621
77052
62047
69059
15451
96929
94962
27675
29536
43377
65376
9282
71232
41584
31905
63220
81481
57572
45177
31484
78705
59284
36599
25324
44751
37835
13690
61038
79593
41146
93368
95539
80163
33289
30319
26222
16895
42237
77836
43083
52143
86201
16409
97489
94996
4015
6910
2749
67078
26928
96213
48819
54893
94204
52079
74397
62792
44584
23972
81528
74692
86586
23725
9893
59875
20020
91903
86995
72576
70135
71070
82302
49406
51409
40270
77264
91246
78573
57828
89779
17714
44742
43313
31462
1241
44499
33639
99493
92784
51565
83146
76167
26771
95698
14993
70124
40013
8491
37409
99796
91828
18940
51125
30013
58597
51313
16342
29020
50791
57263
9208
26206
24717
73094
38414
98155
90080
35775
61832
5661
19919
73197
87832
65281
57113
55984
25262
37952
90988
70466
40844
36249
17964
2196
343
86997
33967
58420
61307
89045
27497
54410
1723
18931
19586
86630
35869
33067
52295
81763
27736
90116
66955
57597
13713
30958
70618
22885
19107
29879
69075
77812
71397
54806
55049
53006
75459
25177
39348
70262
56268
85422
84583
81328
57201
75539
95709
97512
82491
66177
39422
5300
47000
94998
43642
86393
15789
46261
59673
71341
17699
99765
66481
5596
90810
98960
91122
23418
48301
62480
61255
34788
18498
29284
4327
50251
18764
61121
47848
46059
72942
72604
92389
62449
84296
21307
82800
44590
34717
81403
16254
86708
3476
80531
71670
70715
75486
58761
87622
43419
8556
16623
39034
82814
87170
80841
93004
92358
1468
48276
38207
22230
54201
58160
8348
80630
71499
10404
96253
48391
7824
8879
60097
35487
33890
22839
58370
79793
32696
65549
7339
99890
47478
48814
93002
19950
43743
86410
39053
19660
15787
77952
42821
50634
27110
29556
45716
88610
35282
93149
72998
74148
53064
43115
72692
72766
13087
3747
84984
17764
45708
8527
26851
31964
7786
69484
10624
34728
63025
35754
62082
73867
57819
64067
16855
74374
22235
63846
6452
83961
30160
85022
35832
93522
36492
66867
44763
65411
57635
45835
7662
33007
93585
95083
34878
91049
54723
83724
56431
58595
90533
16306
5319
92061
95317
25664
47131
22474
69319
44728
92435
29211
74598
41753
22338
62115
8085
32383
45754
60740
81457
93765
41719
97543
72096
16914
22444
84715
13919
19473
59667
19723
10669
86875
4524
30617
43594
43442
14031
53480
31906
78442
29623
39167
20462
61763
56483
58458
8023
37544
50663
58129
69029
34918
56780
81010
34515
85
59940
63870
72190
8039
48586
96904
38197
83181
85105
20671
88016
16496
71935
6166
47374
73006
62666
70362
63071
53860
26052
6268
15561
66234
33600
86688
68300
3952
26926
15737
31192
60185
18232
64250
60570
76484
85388
58507
77370
42608
4062
12023
21068
98247
78497
15471
39251
74287
29739
66132
52979
28131
99804
51725
60045
89737
86283
44464
88703
67105
95094
22263
85145
74155
91331
36312
50752
33552
27560
61682
44491
24470
60466
28767
30890
65531
56808
31174
81923
85980
86309
17195
87138
38708
50326
54455
32073
74412
69068
44080
34807
67201
12001
3396
15882
73758
86462
57639
35010
80025
61248
47731
66374
18547
65748
42319
79087
28984
92884
51359
22582
83751
21811
47469
49207
10258
52708
7000
34810
93366
72056
86901
23056
48607
63370
39098
10497
84361
4334
79199
88898
24436
26077
54416
47915
64337
56908
38745
48710
75043
96005
54029
73311
29021
47681
59980
52911
35885
94792
37527
88967
69296
82694
74038
50119
38667
63167
96801
67226
1539
21880
38519
29296
4303
67665
99320
51971
37140
8291
24528
13513
31303
40590
45246
84397
85633
88697
5191
58577
45051
53422
29123
19306
84490
95313
55501
8079
75309
37145
25610
83515
97188
40717
90905
65653
15586
47331
25060
70218
9674
94729
81821
99602
21010
90126
53992
3313
95231
50830
92495
85827
7872
30769
21246
75477
34315
91341
20438
46923
83931
68535
81002
44981
93847
79416
76563
62229
64113
15161
9185
27444
87136
84700
63313
87002
24391
47976
76956
7420
11880
6881
92594
32608
72763
64325
89272
22873
93759
81183
86116
21406
81959
60350
80434
72240
51759
34578
88615
88823
52683
91547
48018
93132
76728
28822
44460
60871
7573
7256
31652
57449
36131
72106
91971
29379
56716
14728
57353
24005
87228
88807
11215
86
8455
70185
69775
41895
91169
43603
76217
85582
16473
15463
37935
67381
89917
71283
84896
45639
76559
17049
57238
98293
10901
15087
44890
40718
18783
98772
6277
85459
6732
72588
92901
78390
93536
19691
24749
13917
51829
43922
20580
84926
56496
60970
73307
66687
91026
59683
88220
84382
28902
79511
28196
74808
61049
58462
35257
40582
96364
43211
40823
35416
44445
27145
41938
78499
94940
92534
11382
51368
76647
16806
53733
84604
60338
39589
73097
19583
21645
48545
42432
3571
83612
89942
42529
74667
35828
19800
58188
74160
39371
51806
78745
100
26243
84652
65499
82828
25435
78456
49098
36981
1300
67364
79231
12590
49822
95938
60175
4294
92913
8120
13931
86258
27711
78001
66147
20379
19365
43369
280
23109
72177
53382
68953
60712
74509
94629
93842
94320
58439
25066
70488
7664
3610
65685
25425
31654
33021
33216
90513
9503
99440
20478
93836
60196
29165
68207
46360
1168
91835
68272
60909
77886
86957
66049
99327
98517
47907
93769
39436
86946
32616
89762
33517
56481
31139
41120
91510
6324
50448
93390
73783
98158
31298
30983
51662
41785
94117
18691
17550
95806
65623
6423
65193
58634
77297
96399
71076
65399
49087
21360
88595
14799
55555
62706
68480
40177
66118
6827
80251
82417
99524
35548
35082
68537
40030
1173
53925
25807
86057
52339
6082
8926
50612
61112
41911
54205
26304
87782
23449
17824
42676
38516
59080
23846
63641
95632
51456
95521
14127
47294
70071
73309
24256
49946
6620
39384
28855
91104
21169
63588
20071
56052
45320
80264
24017
72206
34738
47821
26537
21286
37676
25454
71463
94693
21163
79063
26087
91856
79932
68988
73361
83541
21517
51644
52879
70985
81879
80741
31830
45591
58962
60075
7643
48740
23332
6070
62582
20012
77236
82701
73752
7795
21650
96327
96679
29041
40750
72869
86384
54541
62396
430
5510
59413
41115
60232
94656
45978
20694
97212
86395
66605
44646
80609
70103
20156
77136
92838
35115
50066
76833
56960
90297
85259
26258
62998
96119
89627
25698
78566
51882
18872
26239
3616
44113
99707
52547
43527
55445
63720
79635
7282
10964
75377
48948
28503
81164
89686
80131
22342
55370
37445
44173
40203
42531
97571
18435
81160
92920
30465
80967
30966
70013
25708
70857
6886
26968
5079
47579
16579
34396
29671
4020
97667
3128
99920
76184
2048
64386
71912
55766
68422
84147
56173
59579
20101
57088
49564
32956
27460
70625
1637
60781
45947
94982
76624
27992
63464
6781
42704
73173
83737
21799
537
4895
40714
47461
68652
52483
8651
70851
27226
7353
32902
93947
97737
47771
25332
27657
32422
61084
38280
6805
28027
56212
50578
20362
24604
97274
84274
29104
74118
7468
85274
96616
17333
82952
60474
53150
63859
63795
22936
51610
44271
70102
38040
43471
62709
47251
63166
6896
55185
14251
82887
51300
42680
83891
91980
12635
25180
42784
15899
99744
62803
70521
77417
97181
57599
25870
36918
52472
50406
83644
44190
67812
24471
90504
64394
32307
74123
83416
18294
46171
40531
26224
33609
41910
18967
76751
91556
50024
699
73302
56671
896
5031
38868
64783
56546
42873
31256
61329
58533
82777
88832
9297
28183
82719
15675
75764
71715
49535
82994
15804
8711
25290
78239
25136
94994
44343
4111
58191
12947
76700
93747
81631
19266
20135
60665
58148
35575
5179
63518
88198
52685
83203
48695
73009
57694
57790
83144
47643
96137
16893
95522
72033
79178
76302
72632
78594
300
69486
59138
4352
84492
66340
94713
31151
80018
98053
35724
33549
15185
8808
178
9779
68793
87354
27607
15401
39137
67433
7683
61915
71263
45414
61590
55224
42036
9619
90220
40176
79805
65043
93840
30623
88160
86225
20647
38964
60408
47670
39531
61550
35612
59604
17170
16129
24054
57177
82254
18846
32114
73246
50803
13404
36293
86936
13584
63442
64140
13545
93874
99423
30070
76493
36906
34342
62036
89527
18110
39927
93353
70583
47513
84561
77733
40532
51398
62662
40362
86254
67727
96648
21376
28944
88769
27602
63045
89879
66211
51866
70440
65321
54961
20005
45729
42985
91853
45632
36049
46978
9184
67346
94290
78324
18572
67331
72421
8868
6657
52707
16309
2896
94758
72256
13608
8323
16470
16753
48239
42719
56360
50932
90596
71177
297
58931
26718
87719
38260
33433
3368
25500
66245
94143
43055
23588
3695
77104
97776
64213
61647
99002
92330
28063
78676
23537
72542
11809
87602
22483
68831
13807
59309
28608
3314
43526
7097
76533
21634
37945
74715
79785
477
70003
89242
82324
98559
23363
69448
42338
97926
43940
32372
7562
57267
11298
75513
71153
81225
56103
3149
91225
72668
49810
37998
87912
43375
49110
98543
58901
47760
77877
53626
49213
77987
12600
78242
41962
24187
98673
12688
38196
60891
34785
71536
37920
29497
79571
51918
25125
71574
15360
5234
96264
43077
10001
8025
55178
10403
47948
99060
68757
95772
16911
51435
35557
2321
31129
22496
3062
63751
11546
25187
38999
78376
25227
45793
15647
47791
72619
54006
69722
32297
86452
26182
365
90915
89188
31879
85981
81274
96383
85421
37999
95037
18934
44380
3547
94926
86964
80407
40670
72995
67358
35631
70361
1920
29303
51425
78836
29805
98256
75992
95556
20549
33016
69943
81472
97544
3815
60767
35742
39966
9764
93485
12761
21105
77469
68455
741
44212
9531
93995
78078
8373
72522
13821
39006
97824
41589
39211
68695
74675
82733
77015
89618
42236
46262
77722
76574
22534
35975
56436
20073
81321
14507
69035
63072
88423
87633
5907
97003
38217
6349
49599
8482
8321
30261
23114
14934
71143
42273
23405
3051
86097
65910
86008
55931
92646
92842
6064
67070
51011
43676
96466
56754
77230
7894
56250
64427
4756
58437
20572
52452
32051
95134
74434
24036
33673
52785
65500
17769
88202
62695
2689
24931
41297
74490
42554
58448
24626
17665
30699
8706
35852
58386
97830
7661
1704
63003
61848
23054
63667
16769
35234
87221
3068
89449
89151
3998
69801
66652
76129
31244
55780
18639
89887
78334
80171
74360
86147
14800
95565
94157
70017
14965
18601
77315
11035
95912
16111
10645
95700
32948
68173
5478
48509
26908
12950
32794
47147
21567
63499
36319
71017
31566
57377
86496
5980
94863
70607
97994
63802
42286
98926
16186
26737
83427
28995
86987
58602
33661
24848
2672
7312
35277
44197
70842
85207
69086
39087
82395
85467
87180
12301
75785
89037
14072
84422
46996
9194
90927
21812
55527
26657
22593
94550
97263
75825
89969
40589
93408
73002
16885
93722
22194
63281
10018
37984
87829
73229
20722
36790
85962
33439
27916
72521
56563
36436
90498
45026
57680
13018
15132
21601
61397
32895
99523
5721
43735
13192
17343
45462
71969
60964
77207
92739
53971
20602
29238
32994
77828
76524
40190
96513
14984
44632
74985
42787
83159
24329
77656
43191
48685
15163
63450
42936
89701
71927
51246
10120
53021
93957
14705
40365
55212
70275
83750
31013
23339
19090
34608
14405
36041
85825
67991
25024
31821
52582
99023
77055
56835
70626
85607
21845
40219
5729
36259
45859
17516
7978
40667
93187
9054
15657
31655
62128
14773
90981
27127
27220
41569
32276
32978
68927
16763
40988
20114
61532
53677
80280
16565
39070
7266
60454
76320
54953
13799
3428
9030
28839
51071
98058
49596
44109
70346
61646
90234
29032
89311
16017
60170
43710
63807
15092
80089
25700
38063
31977
80309
84127
3477
70946
81433
4192
55273
19650
34842
62950
44964
91357
91999
58900
76091
59860
74395
55616
58947
21629
83403
42481
47957
27058
38283
35481
74954
32235
81759
58408
62595
37041
20598
64000
30949
11673
87565
47587
6938
34896
13895
94725
9807
51373
82713
24432
81880
38210
19619
82497
38487
39184
48513
83645
15583
48798
35745
6480
54023
25147
50417
38177
63161
97362
2103
16137
23652
66668
86604
8341
58227
69241
75462
813
89739
55411
53345
73905
41308
17993
2953
96395
14312
31520
53912
77717
67278
29525
48608
59423
22422
8836
74211
9625
66825
56168
61144
92413
5099
97715
74803
86691
83487
49304
38890
15062
56893
52085
66783
49105
59494
58556
31643
71029
50815
86079
17644
68754
42127
98150
22398
48499
88744
64124
2101
6606
29590
69236
19969
15408
59477
78623
96562
64011
50151
66877
73269
28384
54382
35560
72734
7783
37312
61677
27244
7428
89202
45418
76737
42295
12908
22005
74592
26817
5285
49432
80291
37393
21564
61244
36720
84454
99227
19900
89213
34580
57419
37374
2456
37780
41076
34763
55544
36692
56502
85206
1027
36867
81974
93704
29281
56679
51842
28595
62635
61258
40404
1936
36556
25865
75890
25594
65174
7161
95116
16713
15344
94696
83068
24638
10582
32149
43738
87337
9090
32526
5542
46732
44745
94306
86676
49741
68522
23225
22244
92628
22429
16494
72701
97882
96235
79254
93456
44948
46554
72109
78518
34791
61257
57849
67684
46053
8230
58723
99055
28093
30861
48293
61815
99376
71511
89957
85148
29077
33030
45382
39237
9178
55247
9170
21461
34159
74596
48036
47188
99175
44136
67551
65157
34998
61381
70744
34483
53577
40312
79759
96989
99185
59075
40510
65388
77517
84128
38134
17206
61444
20152
50370
53122
38582
26331
59312
5891
70166
84062
74027
2218
64627
67408
91527
34242
98358
55172
78129
81534
49064
56327
35929
84223
73056
49081
19168
48756
57883
38225
23432
26396
83561
75351
21538
33435
39727
69512
69420
20145
2067
50727
23522
37372
7598
49360
39497
57351
1041
27763
322
79787
43066
55705
27092
58045
36543
13744
35052
45938
79003
16022
83443
76191
66141
55037
95578
78845
48243
27413
10842
78540
58080
52513
38222
97662
72340
15750
53357
77069
81039
35955
65657
33296
24095
54624
85975
46233
53467
75991
22727
97294
33734
41591
74146
31436
23091
5627
12036
92554
2922
9731
48597
84083
33920
54495
22466
12436
99549
29580
33638
63628
36237
83428
45380
54426
10777
33419
8498
12072
72842
83901
37610
72796
66812
73942
32016
1520
90140
76095
57815
4422
10025
55656
75018
3082
50412
90561
26519
31518
39914
77449
95596
56219
971
34725
58795
830
11587
63549
54178
75735
98875
86503
95132
854
99465
94483
29167
93
4019
49862
44962
14824
24659
82731
150
82477
16824
80635
74325
27259
43303
96687
88502
84393
6746
91583
86227
51629
44439
15253
21862
95278
81836
11954
99584
52081
61594
96893
16414
24860
22248
43205
97179
17366
44967
27310
35167
54155
92306
79163
47952
15347
27825
83247
244
40452
32439
42318
70403
35851
12295
92133
18991
86522
61578
66468
12193
40121
59787
44449
12166
24958
97077
33278
82661
19322
41879
46932
24473
56946
15068
11001
99014
26130
18103
43338
29064
29106
31627
58312
6816
3080
32833
77659
35817
50284
39349
88552
6119
88046
73077
10353
98599
94583
36730
1416
22700
70059
5605
57610
35541
83106
60592
52497
52657
35978
41692
38316
34226
47157
1315
8043
75335
24435
61122
9876
93565
39381
97771
48158
21436
72871
59766
34875
42057
871
88510
83707
74481
95390
53839
27367
4022
54816
38517
14081
92742
3258
58903
71783
1262
1438
68605
18685
88861
28667
16210
50882
41284
62287
94475
64288
80767
54719
71520
55936
35981
89834
68858
83884
33506
33234
55283
6045
89264
30190
54894
37813
40142
88987
49613
68347
12895
58713
24633
45398
38030
35991
91339
24340
57000
93778
78631
55094
49025
72814
92952
45922
43939
81568
76330
8748
84989
82960
72535
22049
65716
33547
60423
39749
91279
37073
95268
53958
57183
6029
43651
31508
86854
51948
10365
64006
68172
8615
58694
52468
78002
19867
49046
44703
67888
63792
57412
39410
99643
90779
12727
86766
80910
94788
4469
82211
62322
73133
44412
24886
59273
46023
57517
43136
61584
32397
1719
97704
90804
29528
93017
58284
69864
77481
92800
3799
34119
22393
57557
33571
25589
62620
4066
57920
42517
64295
67306
24834
2644
82008
22428
38606
24081
81827
22062
18702
68503
23029
28043
13726
70306
50324
18672
63941
40344
57093
51870
77158
19992
60179
72012
84153
1900
87334
61088
33447
62818
62914
3777
30870
5292
908
42905
71994
35124
94315
2159
47583
3720
43009
10604
25778
5538
22141
59585
79986
92899
40807
73041
49743
83101
72904
18105
14809
17921
95612
22770
3816
51436
6899
74156
83720
26516
69225
98627
91938
48520
81207
73925
53812
53752
48109
9690
8726
24270
3492
17605
43344
86960
76543
45545
51912
52746
99110
27086
40081
13415
34969
13718
68524
24700
98690
46886
74718
59090
86306
44058
33267
80316
8860
3069
57362
97841
11569
92090
79773
96950
47824
10407
75746
43188
99205
21892
38867
13152
59487
12616
86717
19491
61406
57945
6640
75400
15095
46567
48069
38258
54900
82742
56621
69561
86856
12783
25527
61313
52140
46205
84171
17505
84315
11269
85050
44513
66956
72391
4176
97855
9914
51897
26993
58724
9358
29750
28115
63828
83659
55674
5942
85303
38253
98705
89342
91344
61251
38660
54187
16910
42632
51791
21276
22984
33520
29847
13189
71178
28020
44860
29345
58827
98783
45781
55519
28026
85460
14483
46021
27720
42774
72920
37571
40806
46003
49670
48930
34951
96168
32302
46634
25669
66013
79971
22014
35625
73388
69729
46987
8783
65123
46481
56790
2288
85665
53753
3211
23272
29045
9166
1746
18333
19482
2917
19849
2185
81553
57888
38793
1725
99482
20975
25250
88565
18946
67469
9743
11790
88876
89918
94579
27154
22471
29751
74303
82157
97697
40127
77452
90838
90738
83701
70256
20516
45973
31657
50797
17055
92019
18041
40345
73448
65902
40464
96083
84932
43028
59308
13629
28682
64103
32570
54682
62765
17385
56285
36803
10908
31318
28737
15931
50384
28720
72003
94676
14778
12882
88819
89763
79040
56558
57778
90820
89920
16759
90263
87816
77963
57738
48108
1346
41059
7022
19220
66538
5925
18914
40232
52403
98192
14388
22790
82955
44608
27764
59259
5836
48015
48338
58068
85789
49435
26090
23996
60522
75760
66251
60623
23094
65586
1726
71489
40182
43190
50057
50836
65102
45874
39228
60600
24046
75438
84937
83632
45402
74813
76485
79332
29597
5979
43561
7691
36673
24333
76215
92419
94667
4306
1699
66590
63064
65921
31407
21633
37174
32053
53776
34695
332
3224
28886
9879
44718
77302
26749
87375
35038
31437
70414
8677
44573
70876
16323
58204
94453
18503
38072
60017
9406
85054
60401
49622
73681
62424
77172
75427
70409
74473
11248
5479
84708
56293
70953
6054
27883
34081
26611
94560
58248
34200
88528
73944
1760
11070
72059
53893
11006
89116
97145
88188
72655
47842
89310
22543
30370
35931
3140
6369
97480
71482
46462
12809
23317
10536
43849
4405
99443
22583
20684
22814
82484
61998
98588
75381
51527
92885
7270
82532
14325
98352
55315
98326
23838
53876
88921
38137
43441
21476
27289
49499
80422
96818
32228
15658
21098
91921
34913
96657
73290
40278
74871
75599
54472
30385
14962
29651
2879
22455
69892
5898
91920
8095
96870
12700
49413
60658
36687
58366
41464
74000
32103
95442
79301
2945
45426
59433
52511
48362
75012
91348
68718
54827
41041
87460
43481
93125
23475
87803
22205
62996
37884
6123
95379
16553
1517
5676
55116
28249
3227
23206
3813
51491
68905
82786
39151
34091
80112
13835
67558
79221
85960
41172
78728
84819
131
88598
75619
35529
42749
92348
46299
48551
3732
24691
62353
90824
93445
25850
92184
68043
15759
40256
56959
50234
74971
23904
69672
32239
73909
41211
71737
79492
29675
58214
85455
76347
46048
37363
11147
81034
29680
23500
93491
23776
77967
86760
50831
51590
10978
7579
33527
74458
55072
34449
93910
91874
16024
64733
79371
52170
37085
8337
55703
68528
36743
66887
96937
25316
65896
16261
49652
27953
18280
35920
8724
80146
35849
37353
97126
99064
52340
73349
60666
35321
9655
37663
85380
79819
48192
87707
96170
37328
5809
37247
14302
59696
32898
1613
59020
10216
85144
39205
75148
75256
4981
46456
5045
77819
33155
82461
68148
79897
28857
59410
44399
68783
89212
76690
30522
44913
99355
84162
96107
32278
55467
89769
32668
80001
7987
75215
418
14442
47779
17952
44498
61324
85342
54503
42420
40106
97196
5310
95861
22336
74723
11417
10719
11675
14006
34206
22952
31802
78367
16534
89038
81984
80263
91031
21445
51500
36300
45069
74748
70734
16975
83064
34687
9775
62663
26311
96463
90877
11629
46164
27942
29083
74732
27223
31070
23953
92751
6442
89163
93760
21381
33292
96376
56190
61164
55011
12547
48487
75900
89916
16503
89325
52809
44129
64545
43288
42956
13715
76321
3899
88555
94364
65438
82514
97669
65572
93875
74099
48113
63361
6993
56813
43389
59571
3030
51519
61877
79746
98638
89019
66937
159
72935
95615
70519
6871
6438
68913
24936
22192
15468
41078
96356
61986
58734
50419
25388
76279
5065
29227
74414
51298
33712
98917
98529
44278
69632
36820
96579
1196
3647
57219
58311
77422
80333
94508
98738
29510
65404
92894
64290
3708
45303
13000
40708
18033
83401
254
23607
77113
37981
82881
96481
93192
86751
1634
6162
83539
35362
25461
27935
11263
81295
45352
5152
55597
18904
14530
51153
95279
36620
98511
58885
52065
26614
78460
79633
40638
70009
72422
53834
36961
96952
41637
11327
24737
41727
73529
50597
2342
6570
15943
88956
92167
12241
76458
33889
44316
55487
7811
85717
22567
93052
71784
77945
16162
50905
29476
18906
96415
13879
5301
68502
81989
64363
89718
36871
65810
39578
82061
24384
14560
69568
66998
73872
56201
5936
61331
1059
96941
30800
54333
83349
73812
94978
89540
70149
65374
49981
48937
64494
90027
20681
52848
53792
74084
815
99763
56217
71476
60775
24088
49371
31690
63953
32588
76951
16859
90317
18901
28693
10303
74319
11367
19034
62536
98624
24878
99880
8210
12939
1500
96747
49239
84210
3494
87901
1559
92828
69603
71129
2491
45608
91497
60777
82228
92025
92136
61611
81816
87024
64392
73794
84739
73745
23534
74140
45924
56728
7781
43692
89800
86344
48412
23046
35305
35677
95751
52564
52953
52123
51852
55084
43961
31813
3439
72242
71349
40859
65793
83745
43879
6744
31883
40271
64297
79057
30678
30453
78342
685
94727
74865
92391
57337
5612
35354
88182
54636
75447
78427
52903
97537
78481
18389
19927
25110
41933
77921
92166
1225
53406
18860
86407
27855
65886
43443
20723
94447
18713
69686
60903
94178
27912
29700
28409
52516
57689
79147
98767
31225
9646
40906
10233
33
2554
82110
77787
16026
47603
96917
83473
66423
43705
59515
90007
38746
53249
61219
80879
57690
97320
21328
48033
53141
94547
51717
84927
12893
78626
8532
96968
76430
15920
77996
63226
57911
21177
26745
53645
20174
34645
95776
50622
38173
71104
92950
22211
58787
21315
22705
85122
80048
48757
6169
36009
57227
90802
47402
29330
38951
70154
31731
48674
91795
21701
95551
32310
16897
6705
81401
90535
46100
26955
14175
294
8326
54799
62076
48464
75079
63753
25626
33416
88347
89280
14070
14989
23289
31629
77161
93211
77393
41602
79462
97335
27928
36678
12571
65264
20781
78809
67100
50910
57659
42320
83039
80496
78628
26511
9581
9847
88529
75009
10265
33083
84792
9736
47890
47866
64647
19364
14549
64117
20157
63724
70320
79823
30667
24481
83688
84400
71369
31939
18981
21851
66728
76815
14069
7905
92805
32161
73652
17872
58748
66319
71992
6242
29933
87453
50548
77003
82378
44669
47825
75700
3454
192
67870
55880
8133
39398
93609
11095
34643
90578
74417
8709
92640
42301
28436
79415
92
1873
25838
29691
81648
49037
35287
45436
64581
51176
48090
50938
64896
72228
41952
85887
61205
51531
47506
57228
71377
36590
37737
4912
58890
76176
17361
10480
54914
85675
65561
46528
62391
50144
64036
86298
8200
9941
7923
15302
60470
40956
66685
24907
39836
46958
22635
42132
98361
8734
83197
82313
76536
42820
34551
49813
47577
41779
5024
15974
65311
8169
59904
46212
16737
75346
92066
3389
14933
95009
16213
16075
52254
10529
84010
26147
66893
33796
87278
13085
8330
21623
48148
78486
81107
5219
98574
88245
62178
15376
44943
80271
91634
17174
1029
55205
21855
69609
36521
69337
42726
80511
24766
45362
82637
37143
64769
35515
75197
5961
51010
77381
52330
30583
21016
12970
3046
19032
35587
88554
77741
10940
9995
68408
33724
56847
4972
46532
31546
91582
85492
13779
54902
56102
71936
98030
61111
13894
44006
17820
90876
17817
90744
932
89074
54577
93509
47865
46403
73001
15780
35039
81264
77925
96272
79688
76015
87757
95842
14147
64729
2812
61985
74076
81412
2630
33879
72447
70458
29360
97068
4638
41175
84571
92218
22299
47443
88767
64453
87607
20923
39584
45321
15109
1493
67357
51366
51616
4726
99787
46980
17284
36124
22078
87726
68270
26163
84283
46882
19262
92075
59280
43839
70037
5168
19807
83796
29602
7803
57334
64615
88356
15775
43825
7808
91983
7146
83938
14347
50260
22634
36685
80892
95760
39964
61755
329
2523
69804
88013
43595
92845
4069
8364
44567
85529
62808
57345
81424
49819
80060
60261
49004
72481
77830
72152
17354
49915
5392
36648
76531
84772
93454
60885
87518
88854
11316
47844
9693
8150
57760
9751
47710
97602
5513
99434
74133
13090
14528
86476
3632
53447
21455
14686
65785
77833
90936
22751
83847
26241
87831
36137
70248
2621
93554
20810
63012
42874
82433
93317
95872
13036
17245
23937
75485
55107
63575
12257
51271
38198
65357
58604
122
54988
60308
9118
96111
57818
12782
29169
44303
16501
35328
44612
38203
92896
31775
62511
53650
63600
69168
96638
11428
83105
25785
14058
55743
77167
85025
70138
34266
82736
56761
29329
61371
2564
6118
52413
91885
23291
19013
43031
65590
60141
72078
43500
21868
72112
85095
98871
87223
75199
67927
52519
44304
26322
37040
83109
89339
64900
81177
11938
23028
83280
37428
47496
60387
40686
35336
70047
38713
63414
92115
28536
73231
12776
95541
38941
39356
52817
32330
36822
76614
39997
44135
87326
43555
55221
22472
13109
12593
30040
48030
68052
68117
3507
80439
19038
81678
1245
63695
30478
60275
79229
26536
91745
52162
24718
97090
23445
98779
81882
27395
18312
98512
28934
82946
30981
20541
43924
91273
14036
74010
52242
38958
57352
79339
38922
55589
56741
5167
11667
75803
26798
22739
36175
96454
99363
68964
47518
98773
98228
42751
29419
59381
55235
15019
84183
45782
21453
69983
46906
29207
51713
72960
49320
53048
64815
87894
87137
31529
45066
55782
57239
81113
66784
12429
39701
10364
36847
6772
74484
2222
33187
30495
53544
53501
47289
80579
53608
18236
62727
1079
80587
55260
49778
33299
17783
30410
30732
28253
33513
52861
32193
9203
38504
53701
33863
20087
21108
33928
12057
59363
38321
41953
61706
95498
88171
4622
24549
21502
82077
66492
69485
27985
59984
67787
98262
54672
39866
27654
60542
34241
25229
1534
43057
97539
26959
83526
40751
91390
51766
95140
84551
61232
29689
92345
1985
67613
66951
69847
43180
60611
63961
30565
42518
73486
34283
17402
1002
24086
15540
82248
28343
54011
80710
34497
66433
51131
69069
56724
37790
59304
40552
15912
60866
96671
35596
98833
46167
85475
81305
50252
13818
9013
51578
83052
90303
19775
54552
58756
24309
95057
40047
89822
1388
23549
3510
7815
21635
59656
37109
73865
51667
50923
33119
32399
29026
17760
96570
98578
50204
53654
44640
85976
67150
11247
19290
4730
31383
77226
42695
73978
76480
67716
79331
94403
48734
46332
20738
26275
67704
36363
94388
24574
45176
59398
21431
53083
25710
53601
43742
27146
16220
64561
14008
27672
16580
96726
3703
62309
70891
30117
45085
38053
91749
59530
19321
153
75334
75490
87062
61626
96770
94803
32445
25600
56518
81383
28811
63319
38057
92016
41948
49124
80776
42703
20069
2236
27161
46470
91831
54091
77374
49450
15613
62660
79132
61039
54092
74713
26
86482
8802
14695
41455
76467
32929
98020
82643
99450
98581
52797
49501
72739
95812
90758
48173
52476
21019
60426
76199
60191
91605
23873
95864
61116
84628
165
45115
64080
66178
37444
2542
75602
24816
25103
68407
72026
19181
1007
72055
72868
90549
98217
96078
85239
5618
39494
10294
36196
77333
26726
83347
19786
19074
70762
66258
7854
11341
57181
70423
95935
74051
56757
51687
77883
9302
67865
11206
36785
22461
48669
75071
79117
84872
79114
89642
37922
65166
44610
60376
82793
39665
83849
77223
96959
74566
24859
81389
98103
14444
95055
38185
44787
50169
90219
30112
97380
2365
99309
58763
759
56945
15349
4354
13722
80912
47194
76083
72718
56099
58457
55702
79281
28125
50081
95570
43146
13005
55684
21429
48215
16983
71796
45849
99184
21326
62233
17294
30024
74346
53317
12634
3047
97640
54614
2209
57983
67
33284
25855
4544
36343
41162
67033
89607
16226
84781
29815
82407
60077
26138
47229
41083
86194
43324
35273
4573
32644
14498
46011
30499
74722
44561
50471
26984
40166
23468
84448
49260
82156
56319
77179
71996
27805
18029
39478
77526
65632
84220
27641
42396
56341
76143
47345
8489
52025
44998
75402
73777
28505
57737
52385
3312
36141
13120
81661
93074
5275
68746
7204
35628
51248
65253
65541
32388
34223
83587
29917
35415
40721
40936
83038
10207
92277
31277
83546
52099
39373
54642
95622
6140
52487
82717
49137
51773
90494
62554
17233
80491
55307
78673
55652
5902
66978
69284
77270
53418
52621
87698
94334
67698
17958
91061
38898
22881
57433
57070
10939
57225
84272
94029
77782
81608
14908
12500
60080
68741
39965
33774
59771
22620
6353
22924
23106
94397
22367
21674
98255
50900
47724
3338
35455
91171
3150
17199
98344
36577
78095
34035
64243
24305
46349
6639
76644
70938
84372
6718
85650
9024
29494
49941
22683
51523
71198
17866
8729
33394
11524
30356
58794
31817
3567
35246
33857
78750
77093
37658
57504
7074
43589
44629
71128
28107
78240
82010
20473
24642
45737
42839
60226
62189
95165
68114
12916
66920
132
4353
70529
11440
8665
18035
82792
81260
93978
30228
96847
89577
7673
78137
41298
7743
92638
55653
89849
14326
86067
81285
82180
46172
51079
43510
12443
85024
79019
87445
85926
27553
47073
83583
23327
51007
41826
72971
85056
36712
89946
5666
12274
85951
7963
35776
3417
62557
44771
85869
10361
89509
88077
35432
60766
33244
45220
93932
62190
22991
11168
53246
35593
97041
68581
8562
74301
10010
81741
88096
77879
84788
8370
58527
63548
50400
26110
94058
71402
6254
66231
32378
15641
70318
70874
88729
42843
84293
76134
48403
50873
69012
70342
47833
24444
36680
22095
95030
96036
15323
84979
5164
79534
50963
19158
46229
72634
88025
9839
26861
60769
68967
14422
46250
30290
78783
92618
877
38046
2817
15627
26572
45574
42813
42147
62361
10292
21806
3435
66598
72984
78113
3936
9047
79421
69197
43173
20450
14710
57730
1535
10275
25245
60842
85059
35673
82598
21979
72969
20790
4632
96050
58465
51208
74267
42201
82194
31185
87254
1390
9978
31754
1715
22667
59928
79441
18927
29487
11955
62303
85018
17814
44121
88
5449
70380
93635
67223
25352
38571
66591
26940
19177
3441
71970
50243
28473
52628
19524
8795
45984
46382
16573
20825
2699
20182
43665
50735
25649
70686
24490
65136
29488
60385
42643
47141
44524
68084
119
79495
66376
8209
49280
34054
37124
73297
23646
56385
14443
79694
38811
87335
39288
35169
79838
54328
20127
59989
32469
67475
48841
16850
85100
42710
90537
8952
34257
29399
1492
81853
89542
79942
17924
87452
53623
30121
36153
84647
59440
59857
41371
29127
22600
19797
38545
2736
33451
95508
92278
43871
59841
70425
51204
4393
84735
27296
70238
35756
73697
72646
13006
38861
73531
59900
35763
3642
89586
69709
14473
88989
54022
10734
58138
65443
70808
30567
2226
93205
52382
83141
116
75360
65801
70431
63915
20460
81407
27969
52632
74730
81063
42781
68613
65203
20094
44502
26878
60840
34914
45336
33281
62406
61454
78627
8216
88367
75365
6769
90310
88214
90163
26367
46858
15248
82580
95383
44926
65111
72600
31065
98470
73945
62854
91418
67940
71424
41309
95600
54993
53210
25823
25376
59565
93016
39444
78743
99138
69341
40832
65346
26158
79446
13493
98700
12525
46026
65479
71442
82699
60090
23231
33732
80795
18760
28439
83895
76289
62125
36946
90627
88584
1537
93210
40066
70779
41964
42631
68083
72377
41769
72605
25265
76902
92028
7583
97269
97338
47216
69188
72938
59895
93530
3358
24445
16063
12432
28142
98906
37667
33979
7113
21484
85757
56682
21263
15329
51663
10697
81960
60496
18955
17559
13567
49158
74008
79568
82268
98641
46486
35109
42438
78529
76937
9158
27604
59983
70264
90374
27564
73066
84017
63775
65189
45252
39463
22546
86526
65680
7916
13932
50205
70475
18993
63416
15742
3989
47980
28621
6561
63030
93222
17686
54563
75931
84832
3019
57959
8955
74115
59377
34697
17320
61014
39565
64853
11338
5525
50651
42371
4441
65148
25157
3437
60154
82891
10372
59887
64864
1139
30374
86731
5418
37973
89447
22579
12272
66238
15530
51670
67112
19161
7927
512
34222
97414
12220
99917
42017
32030
48283
71860
60436
56067
66763
14943
95418
61209
84295
94215
41635
63421
79869
52048
88563
33667
38062
72216
52490
94141
77796
2180
7495
92491
73175
84588
25572
13471
4313
29736
15690
86308
34585
40833
49366
43858
77468
20180
53901
2302
50930
32074
91402
52198
50848
38430
94759
52228
50177
71209
67463
57029
15296
27333
47981
13725
63028
98196
45388
26865
8592
27045
10221
15807
22257
25309
63711
67449
91148
54775
56187
929
72044
66083
72881
45183
69352
10919
59605
80432
63959
50513
69682
51803
5623
50058
47052
9375
20706
5846
65696
73970
86004
14676
76483
81780
41700
79567
47459
81097
68977
95785
66798
77066
96892
78708
33739
79912
35906
43410
12271
82815
39227
49224
55134
57550
8136
75175
73279
13338
74375
84827
63625
2619
19050
67737
77317
21958
26297
67619
4039
16879
14214
58993
66617
48180
15406
21717
88712
15988
94103
81353
60411
10927
36982
2146
34815
58406
34572
1825
49701
76285
85433
81779
98770
60748
87737
12560
68833
31551
90030
83373
78292
32933
96913
10266
62291
88500
63181
17973
23795
64643
94054
24576
6356
16954
35453
23696
68420
81583
43853
40642
1663
51227
18871
62759
11912
9249
11807
17940
70367
26639
97942
56901
96867
23798
53185
46749
40938
77439
67375
44169
27552
82650
34684
92490
25482
45600
66021
64641
14462
87008
29566
26098
38791
53865
59297
33556
16668
78399
80564
91219
7123
80396
33035
98923
23546
72924
48245
27002
72637
1893
64086
13568
99694
95591
48742
49418
80062
33883
38729
33971
67876
35569
79432
61628
86243
1896
65124
34942
88043
32192
42614
11721
22392
88131
6815
57256
90364
40898
2735
42923
33657
63714
76405
28506
65695
74525
29690
67731
10466
34567
19249
40632
93189
14241
69593
18942
40522
71904
89633
97681
4230
23122
33608
9407
78153
25824
55914
997
1626
43436
65814
85307
43587
64343
21375
7257
11359
77758
25423
90223
27029
46816
71661
53695
7898
48052
1531
23062
76360
16106
20303
99270
93844
35881
7943
76372
44511
45210
97866
64315
75142
60793
24018
42479
14083
53215
29289
83498
98479
60304
61230
62669
48250
54447
82978
47885
14431
73074
85910
96779
79763
82774
14111
64335
23675
54080
37770
9477
27561
99209
50331
95396
62815
29600
7083
91681
24669
67767
15915
71967
83281
94535
18540
13613
87399
56864
62550
18770
14262
66077
85850
66403
22501
83166
74565
9037
89214
6025
62861
4718
86445
42172
35565
48320
22024
90587
14037
63914
44087
23894
61052
28730
37791
56073
50441
6849
57131
15057
93086
42152
62120
62819
7981
32162
39697
66884
89359
43564
23196
20887
66858
3367
58771
76670
68299
46014
16532
16731
54363
73984
81246
21271
13046
75692
25214
12686
79043
50461
39785
88173
95886
83627
4456
32395
50180
11100
54546
16925
34523
50424
68488
77402
96288
88295
55310
57006
75610
82352
14592
41121
53730
10534
19069
66500
14830
17561
34648
15226
52373
27817
30774
78402
49624
46723
16937
18113
9447
60435
36454
4911
30138
39806
54523
61679
18947
96682
95602
5317
51514
56399
49326
84451
35964
41091
41829
21025
15930
49538
17622
42458
39413
92362
27509
60239
44993
68367
84516
88916
8236
40539
58090
13646
437
12160
97884
3606
71598
81652
95293
72431
34910
13126
26157
28590
9742
6982
898
43856
41713
52075
95039
70205
65369
89121
35761
49129
44128
89039
42634
71618
11841
74711
11130
42645
33437
36380
35079
23243
84380
52394
48060
64882
98921
68994
75378
48051
75439
96212
44383
92760
50653
28808
84142
78225
90954
47789
84666
54755
76775
17881
16544
20682
22212
33777
46687
28363
91120
88681
85839
26508
13781
5026
42583
97047
19417
60067
90196
48378
84159
48471
76311
53475
88796
47701
82431
61234
61159
17718
46808
97255
62779
64967
5514
76797
18683
23512
75238
1125
19819
51274
33283
90629
90614
21491
76508
17253
36854
96838
60968
80286
55231
16313
71566
61754
55303
72669
15960
49899
44945
17495
5915
75997
72879
21478
89312
47524
53387
56640
43565
63507
50701
85773
51760
15728
41082
77994
44280
63040
10818
4402
10530
58546
93967
92100
89773
95393
95381
21693
52369
46943
33138
63433
56744
10639
42622
29478
83129
7931
25268
43029
89954
37956
40136
43299
15170
41832
50405
84971
30828
42402
65394
42246
15250
41255
38312
36452
2195
21874
96039
54955
31265
36200
11595
45762
61768
33881
19772
78772
16684
29771
51555
64736
49517
68863
82226
71814
29201
7346
12322
67081
81232
71755
68267
35973
63957
28194
55339
96324
87807
76182
64460
38892
5607
80612
4188
25879
86107
19254
57957
95127
4957
5293
99366
87598
18096
10425
59985
80880
41553
57681
72461
79253
92144
60710
91193
34939
27833
11599
3601
35525
58975
62789
21594
36529
74443
21580
11985
45143
52892
10166
32742
23460
83607
25018
7780
8073
67268
9949
90482
99086
58639
64303
24844
97481
71569
64523
87677
66187
75296
76818
